HIP-rh
1 171 243 85 255
AMY-rh
2 86 162 74 255
pTHA-rh
3 127 130 120 255
aTHA-rh
4 150 40 175 255
NAc-rh
5 184 210 157 255
GP-rh
6 179 102 37 255
PUT-rh
7 101 202 166 255
CAU-rh
8 80 92 25 255
HIP-lh
9 171 243 85 255
AMY-lh
10 86 162 74 255
pTHA-lh
11 127 130 120 255
aTHA-lh
12 150 40 175 255
NAc-lh
13 184 210 157 255
GP-lh
14 179 102 37 255
PUT-lh
15 101 202 166 255
CAU-lh
16 80 92 25 255
Parcel_1
17 0 0 255 255
Parcel_2
18 255 0 0 255
Parcel_3
19 0 255 0 255
Parcel_4
20 0 0 44 255
Parcel_5
21 255 26 185 255
Parcel_6
22 255 211 0 255
Parcel_7
23 0 88 0 255
Parcel_8
24 132 132 255 255
Parcel_9
25 158 79 70 255
Parcel_10
26 0 255 193 255
Parcel_11
27 0 132 149 255
Parcel_12
28 0 0 123 255
Parcel_13
29 149 211 79 255
Parcel_14
30 246 158 220 255
Parcel_15
31 211 18 255 255
Parcel_16
32 123 26 106 255
Parcel_17
33 246 18 97 255
Parcel_18
34 255 193 132 255
Parcel_19
35 35 35 9 255
Parcel_20
36 141 167 123 255
Parcel_21
37 246 132 9 255
Parcel_22
38 132 114 0 255
Parcel_23
39 114 246 255 255
Parcel_24
40 158 193 255 255
Parcel_25
41 114 97 123 255
Parcel_26
42 158 0 0 255
Parcel_27
43 0 79 255 255
Parcel_28
44 0 70 149 255
Parcel_29
45 211 255 0 255
Parcel_30
46 185 79 211 255
Parcel_31
47 62 0 26 255
Parcel_32
48 237 255 176 255
Parcel_33
49 255 123 97 255
Parcel_34
50 70 255 123 255
Parcel_35
51 18 167 97 255
Parcel_36
52 211 167 167 255
Parcel_37
53 211 79 132 255
Parcel_38
54 106 0 193 255
Parcel_39
55 44 97 70 255
Parcel_40
56 0 149 246 255
Parcel_41
57 9 62 79 255
Parcel_42
58 167 88 9 255
Parcel_43
59 114 97 62 255
Parcel_44
60 9 149 0 255
Parcel_45
61 158 106 185 255
Parcel_46
62 255 255 114 255
Parcel_47
63 167 246 202 255
Parcel_48
64 149 176 185 255
Parcel_49
65 176 176 9 255
Parcel_50
66 44 0 79 255
Parcel_51
67 0 202 255 255
Parcel_52
68 79 35 0 255
Parcel_53
69 0 185 167 255
Parcel_54
70 158 0 53 255
Parcel_55
71 79 123 176 255
Parcel_56
72 26 70 193 255
Parcel_57
73 88 211 0 255
Parcel_58
74 114 149 53 255
Parcel_59
75 229 167 53 255
Parcel_60
76 246 141 149 255
Parcel_61
77 106 18 141 255
Parcel_62
78 229 97 193 255
Parcel_63
79 237 211 255 255
Parcel_64
80 158 255 158 255
Parcel_65
81 255 79 246 255
Parcel_66
82 149 97 255 255
Parcel_67
83 193 185 97 255
Parcel_68
84 237 44 53 255
Parcel_69
85 176 106 132 255
Parcel_70
86 70 44 88 255
Parcel_71
87 185 132 88 255
Parcel_72
88 141 9 255 255
Parcel_73
89 70 79 0 255
Parcel_74
90 220 211 176 255
Parcel_75
91 229 149 255 255
Parcel_76
92 0 0 9 255
Parcel_77
93 97 62 62 255
Parcel_78
94 237 0 132 255
Parcel_79
95 176 0 149 255
Parcel_80
96 106 0 0 255
Parcel_81
97 185 167 255 255
Parcel_82
98 167 149 193 255
Parcel_83
99 132 44 79 255
Parcel_84
100 114 123 114 255
Parcel_85
101 220 70 0 255
Parcel_86
102 9 53 0 255
Parcel_87
103 149 202 123 255
Parcel_88
104 0 18 211 255
Parcel_89
105 185 237 255 255
Parcel_90
106 88 62 149 255
Parcel_91
107 70 132 70 255
Parcel_92
108 176 255 79 255
Parcel_93
109 70 202 88 255
Parcel_94
110 229 88 106 255
Parcel_95
111 237 141 70 255
Parcel_96
112 123 79 18 255
Parcel_97
113 97 114 202 255
Parcel_98
114 0 255 237 255
Parcel_99
115 79 149 132 255
Parcel_100
116 185 0 202 255
Parcel_101
117 255 220 114 255
Parcel_102
118 18 35 185 255
Parcel_103
119 167 0 106 255
Parcel_104
120 158 114 106 255
Parcel_105
121 26 185 202 255
Parcel_106
122 0 44 35 255
Parcel_107
123 149 141 79 255
Parcel_108
124 176 211 9 255
Parcel_109
125 185 70 53 255
Parcel_110
126 0 114 255 255
Parcel_111
127 255 246 0 255
Parcel_112
128 97 167 202 255
Parcel_113
129 88 211 158 255
Parcel_114
130 114 70 193 255
Parcel_115
131 141 202 185 255
Parcel_116
132 18 53 97 255
Parcel_117
133 132 255 0 255
Parcel_118
134 70 106 123 255
Parcel_119
135 0 35 132 255
Parcel_120
136 70 0 62 255
Parcel_121
137 176 79 149 255
Parcel_122
138 193 79 255 255
Parcel_123
139 211 255 141 255
Parcel_124
140 9 26 88 255
Parcel_125
141 62 70 62 255
Parcel_126
142 97 88 149 255
Parcel_127
143 246 167 141 255
Parcel_128
144 246 123 255 255
Parcel_129
145 229 255 220 255
Parcel_130
146 255 176 202 255
Parcel_131
147 123 70 114 255
Parcel_132
148 185 123 255 255
Parcel_133
149 97 158 0 255
Parcel_134
150 255 176 0 255
Parcel_135
151 44 18 9 255
Parcel_136
152 88 255 79 255
Parcel_137
153 211 202 211 255
Parcel_138
154 176 123 18 255
Parcel_139
155 132 53 9 255
Parcel_140
156 44 132 35 255
Parcel_141
157 106 18 35 255
Parcel_142
158 114 62 255 255
Parcel_143
159 44 35 53 255
Parcel_144
160 70 176 246 255
Parcel_145
161 53 229 141 255
Parcel_146
162 255 229 158 255
Parcel_147
163 246 132 176 255
Parcel_148
164 97 114 62 255
Parcel_149
165 149 62 158 255
Parcel_150
166 193 211 88 255
Parcel_151
167 176 158 132 255
Parcel_152
168 211 114 97 255
Parcel_153
169 141 246 114 255
Parcel_154
170 202 158 79 255
Parcel_155
171 0 211 62 255
Parcel_156
172 185 123 176 255
Parcel_157
173 255 97 176 255
Parcel_158
174 202 35 62 255
Parcel_159
175 132 149 220 255
Parcel_160
176 35 0 35 255
Parcel_161
177 158 141 149 255
Parcel_162
178 70 106 0 255
Parcel_163
179 202 18 97 255
Parcel_164
180 0 97 97 255
Parcel_165
181 0 132 97 255
Parcel_166
182 79 62 9 255
Parcel_167
183 97 176 79 255
Parcel_168
184 255 26 255 255
Parcel_169
185 0 88 132 255
Parcel_170
186 0 97 202 255
Parcel_171
187 211 97 44 255
Parcel_172
188 211 35 149 255
Parcel_173
189 141 44 193 255
Parcel_174
190 185 220 167 255
Parcel_175
191 88 35 106 255
Parcel_176
192 229 220 44 255
Parcel_177
193 255 202 185 255
Parcel_178
194 132 141 0 255
Parcel_179
195 255 88 141 255
Parcel_180
196 237 185 255 255
Parcel_181
197 211 176 0 255
Parcel_182
198 132 211 255 255
Parcel_183
199 114 255 211 255
Parcel_184
200 79 9 158 255
Parcel_185
201 79 88 237 255
Parcel_186
202 97 176 132 255
Parcel_187
203 141 106 211 255
Parcel_188
204 193 211 246 255
Parcel_189
205 62 70 35 255
Parcel_190
206 220 70 202 255
Parcel_191
207 176 255 246 255
Parcel_192
208 220 255 88 255
Parcel_193
209 158 18 229 255
Parcel_194
210 193 88 106 255
Parcel_195
211 202 176 123 255
Parcel_196
212 123 141 167 255
Parcel_197
213 18 114 193 255
Parcel_198
214 255 97 62 255
Parcel_199
215 202 114 0 255
Parcel_200
216 114 70 44 255
Parcel_201
217 123 193 0 255
Parcel_202
218 193 220 211 255
Parcel_203
219 176 149 18 255
Parcel_204
220 97 44 70 255
Parcel_205
221 211 123 202 255
Parcel_206
222 255 79 97 255
Parcel_207
223 79 141 255 255
Parcel_208
224 158 18 79 255
Parcel_209
225 70 70 88 255
Parcel_210
226 97 229 211 255
Parcel_211
227 246 246 141 255
Parcel_212
228 167 97 53 255
Parcel_213
229 0 141 193 255
Parcel_214
230 255 0 211 255
Parcel_215
231 141 79 88 255
Parcel_216
232 185 106 211 255
Parcel_217
233 211 158 193 255
Parcel_218
234 0 97 44 255
Parcel_219
235 255 211 229 255
Parcel_220
236 149 18 26 255
Parcel_221
237 106 211 123 255
Parcel_222
238 53 9 114 255
Parcel_223
239 123 211 220 255
Parcel_224
240 0 26 44 255
Parcel_225
241 220 0 9 255
Parcel_226
242 158 123 53 255
Parcel_227
243 114 106 35 255
Parcel_228
244 202 132 123 255
Parcel_229
245 158 9 167 255
Parcel_230
246 255 106 0 255
Parcel_231
247 255 141 237 255
Parcel_232
248 193 255 185 255
Parcel_233
249 193 211 132 255
Parcel_234
250 229 141 97 255
Parcel_235
251 62 44 167 255
Parcel_236
252 97 167 176 255
Parcel_237
253 158 176 158 255
Parcel_238
254 132 132 97 255
Parcel_239
255 255 123 53 255
Parcel_240
256 88 88 193 255
Parcel_241
257 79 193 44 255
Parcel_242
258 141 176 0 255
Parcel_243
259 193 185 246 255
Parcel_244
260 255 220 79 255
Parcel_245
261 114 97 97 255
Parcel_246
262 114 44 26 255
Parcel_247
263 70 9 0 255
Parcel_248
264 132 70 141 255
Parcel_249
265 106 62 211 255
Parcel_250
266 132 158 255 255
Parcel_251
267 97 0 106 255
Parcel_252
268 158 53 0 255
Parcel_253
269 123 246 176 255
Parcel_254
270 53 88 35 255
Parcel_255
271 0 167 123 255
Parcel_256
272 141 106 158 255
Parcel_257
273 185 141 246 255
Parcel_258
274 88 132 97 255
Parcel_259
275 35 9 62 255
Parcel_260
276 158 185 88 255
Parcel_261
277 202 62 35 255
Parcel_262
278 176 141 211 255
Parcel_263
279 211 193 70 255
Parcel_264
280 123 123 176 255
Parcel_265
281 88 132 132 255
Parcel_266
282 106 9 70 255
Parcel_267
283 167 62 114 255
Parcel_268
284 70 53 35 255
Parcel_269
285 88 35 255 255
Parcel_270
286 0 158 62 255
Parcel_271
287 0 62 35 255
Parcel_272
288 0 220 246 255
Parcel_273
289 211 0 193 255
Parcel_274
290 255 176 97 255
Parcel_275
291 18 158 158 255
Parcel_276
292 0 220 185 255
Parcel_277
293 70 88 123 255
Parcel_278
294 246 246 193 255
Parcel_279
295 229 97 255 255
Parcel_280
296 211 141 158 255
Parcel_281
297 53 88 149 255
Parcel_282
298 141 167 97 255
Parcel_283
299 149 176 211 255
Parcel_284
300 26 35 35 255
Parcel_285
301 255 176 176 255
Parcel_286
302 132 0 132 255
Parcel_287
303 88 106 79 255
Parcel_288
304 176 255 18 255
Parcel_289
305 9 35 0 255
Parcel_290
306 53 53 123 255
Parcel_291
307 255 193 237 255
Parcel_292
308 106 167 97 255
Parcel_293
309 255 26 79 255
Parcel_294
310 114 123 26 255
Parcel_295
311 158 149 53 255
Parcel_296
312 255 229 220 255
Parcel_297
313 141 211 158 255
Parcel_298
314 0 220 0 255
Parcel_299
315 149 53 70 255
Parcel_300
316 62 26 44 255
Parcel_301
317 0 132 62 255
Parcel_302
318 185 255 114 255
Parcel_303
319 220 237 35 255
Parcel_304
320 0 114 149 255
Parcel_305
321 0 0 88 255
Parcel_306
322 246 202 158 255
Parcel_307
323 202 106 158 255
Parcel_308
324 255 132 202 255
Parcel_309
325 185 176 202 255
Parcel_310
326 0 255 149 255
Parcel_311
327 202 70 149 255
Parcel_312
328 158 35 132 255
Parcel_313
329 185 97 246 255
Parcel_314
330 255 70 26 255
Parcel_315
331 237 149 35 255
Parcel_316
332 141 62 237 255
Parcel_317
333 193 123 53 255
Parcel_318
334 114 158 211 255
Parcel_319
335 141 97 0 255
Parcel_320
336 114 255 149 255
Parcel_321
337 158 53 53 255
Parcel_322
338 97 9 220 255
Parcel_323
339 132 246 79 255
Parcel_324
340 44 62 255 255
Parcel_325
341 132 106 237 255
Parcel_326
342 193 53 88 255
Parcel_327
343 149 220 114 255
Parcel_328
344 149 132 220 255
Parcel_329
345 79 132 0 255
Parcel_330
346 193 79 185 255
Parcel_331
347 123 176 255 255
Parcel_332
348 114 53 53 255
Parcel_333
349 185 193 141 255
