aHIP-rh
1 144 246 45 255
pHIP-rh
2 34 165 59 255
lAMY-rh
3 188 96 76 255
mAMY-rh
4 244 193 203 255
THA-DP-rh
5 176 211 152 255
THA-VP-rh
6 194 96 5 255
THA-VA-rh
7 10 207 163 255
THA-DA-rh
8 78 93 3 255
NAc-shell-rh
9 112 148 230 255
NAc-core-rh
10 144 53 231 255
pGP-rh
11 221 137 231 255
aGP-rh
12 231 201 67 255
aPUT-rh
13 192 21 93 255
pPUT-rh
14 226 251 67 255
aCAU-rh
15 239 221 182 255
pCAU-rh
16 124 249 140 255
aHIP-lh
17 144 246 45 255
pHIP-lh
18 34 165 59 255
lAMY-lh
19 188 96 76 255
mAMY-lh
20 244 193 203 255
THA-DP-lh
21 176 211 152 255
THA-VP-lh
22 194 96 5 255
THA-VA-lh
23 10 207 163 255
THA-DA-lh
24 78 93 3 255
NAc-shell-lh
25 112 148 230 255
NAc-core-lh
26 144 53 231 255
pGP-lh
27 221 137 231 255
aGP-lh
28 231 201 67 255
aPUT-lh
29 192 21 93 255
pPUT-lh
30 226 251 67 255
aCAU-lh
31 239 221 182 255
pCAU-lh
32 124 249 140 255
Parcel_1
33 0 0 255 255
Parcel_2
34 255 0 0 255
Parcel_3
35 0 255 0 255
Parcel_4
36 0 0 44 255
Parcel_5
37 255 26 185 255
Parcel_6
38 255 211 0 255
Parcel_7
39 0 88 0 255
Parcel_8
40 132 132 255 255
Parcel_9
41 158 79 70 255
Parcel_10
42 0 255 193 255
Parcel_11
43 0 132 149 255
Parcel_12
44 0 0 123 255
Parcel_13
45 149 211 79 255
Parcel_14
46 246 158 220 255
Parcel_15
47 211 18 255 255
Parcel_16
48 123 26 106 255
Parcel_17
49 246 18 97 255
Parcel_18
50 255 193 132 255
Parcel_19
51 35 35 9 255
Parcel_20
52 141 167 123 255
Parcel_21
53 246 132 9 255
Parcel_22
54 132 114 0 255
Parcel_23
55 114 246 255 255
Parcel_24
56 158 193 255 255
Parcel_25
57 114 97 123 255
Parcel_26
58 158 0 0 255
Parcel_27
59 0 79 255 255
Parcel_28
60 0 70 149 255
Parcel_29
61 211 255 0 255
Parcel_30
62 185 79 211 255
Parcel_31
63 62 0 26 255
Parcel_32
64 237 255 176 255
Parcel_33
65 255 123 97 255
Parcel_34
66 70 255 123 255
Parcel_35
67 18 167 97 255
Parcel_36
68 211 167 167 255
Parcel_37
69 211 79 132 255
Parcel_38
70 106 0 193 255
Parcel_39
71 44 97 70 255
Parcel_40
72 0 149 246 255
Parcel_41
73 9 62 79 255
Parcel_42
74 167 88 9 255
Parcel_43
75 114 97 62 255
Parcel_44
76 9 149 0 255
Parcel_45
77 158 106 185 255
Parcel_46
78 255 255 114 255
Parcel_47
79 167 246 202 255
Parcel_48
80 149 176 185 255
Parcel_49
81 176 176 9 255
Parcel_50
82 44 0 79 255
Parcel_51
83 0 202 255 255
Parcel_52
84 79 35 0 255
Parcel_53
85 0 185 167 255
Parcel_54
86 158 0 53 255
Parcel_55
87 79 123 176 255
Parcel_56
88 26 70 193 255
Parcel_57
89 88 211 0 255
Parcel_58
90 114 149 53 255
Parcel_59
91 229 167 53 255
Parcel_60
92 246 141 149 255
Parcel_61
93 106 18 141 255
Parcel_62
94 229 97 193 255
Parcel_63
95 237 211 255 255
Parcel_64
96 158 255 158 255
Parcel_65
97 255 79 246 255
Parcel_66
98 149 97 255 255
Parcel_67
99 193 185 97 255
Parcel_68
100 237 44 53 255
Parcel_69
101 176 106 132 255
Parcel_70
102 70 44 88 255
Parcel_71
103 185 132 88 255
Parcel_72
104 141 9 255 255
Parcel_73
105 70 79 0 255
Parcel_74
106 220 211 176 255
Parcel_75
107 229 149 255 255
Parcel_76
108 0 0 9 255
Parcel_77
109 97 62 62 255
Parcel_78
110 237 0 132 255
Parcel_79
111 176 0 149 255
Parcel_80
112 106 0 0 255
Parcel_81
113 185 167 255 255
Parcel_82
114 167 149 193 255
Parcel_83
115 132 44 79 255
Parcel_84
116 114 123 114 255
Parcel_85
117 220 70 0 255
Parcel_86
118 9 53 0 255
Parcel_87
119 149 202 123 255
Parcel_88
120 0 18 211 255
Parcel_89
121 185 237 255 255
Parcel_90
122 88 62 149 255
Parcel_91
123 70 132 70 255
Parcel_92
124 176 255 79 255
Parcel_93
125 70 202 88 255
Parcel_94
126 229 88 106 255
Parcel_95
127 237 141 70 255
Parcel_96
128 123 79 18 255
Parcel_97
129 97 114 202 255
Parcel_98
130 0 255 237 255
Parcel_99
131 79 149 132 255
Parcel_100
132 185 0 202 255
Parcel_101
133 255 220 114 255
Parcel_102
134 18 35 185 255
Parcel_103
135 167 0 106 255
Parcel_104
136 158 114 106 255
Parcel_105
137 26 185 202 255
Parcel_106
138 0 44 35 255
Parcel_107
139 149 141 79 255
Parcel_108
140 176 211 9 255
Parcel_109
141 185 70 53 255
Parcel_110
142 0 114 255 255
Parcel_111
143 255 246 0 255
Parcel_112
144 97 167 202 255
Parcel_113
145 88 211 158 255
Parcel_114
146 114 70 193 255
Parcel_115
147 141 202 185 255
Parcel_116
148 18 53 97 255
Parcel_117
149 132 255 0 255
Parcel_118
150 70 106 123 255
Parcel_119
151 0 35 132 255
Parcel_120
152 70 0 62 255
Parcel_121
153 176 79 149 255
Parcel_122
154 193 79 255 255
Parcel_123
155 211 255 141 255
Parcel_124
156 9 26 88 255
Parcel_125
157 62 70 62 255
Parcel_126
158 97 88 149 255
Parcel_127
159 246 167 141 255
Parcel_128
160 246 123 255 255
Parcel_129
161 229 255 220 255
Parcel_130
162 255 176 202 255
Parcel_131
163 123 70 114 255
Parcel_132
164 185 123 255 255
Parcel_133
165 97 158 0 255
Parcel_134
166 255 176 0 255
Parcel_135
167 44 18 9 255
Parcel_136
168 88 255 79 255
Parcel_137
169 211 202 211 255
Parcel_138
170 176 123 18 255
Parcel_139
171 132 53 9 255
Parcel_140
172 44 132 35 255
Parcel_141
173 106 18 35 255
Parcel_142
174 114 62 255 255
Parcel_143
175 44 35 53 255
Parcel_144
176 70 176 246 255
Parcel_145
177 53 229 141 255
Parcel_146
178 255 229 158 255
Parcel_147
179 246 132 176 255
Parcel_148
180 97 114 62 255
Parcel_149
181 149 62 158 255
Parcel_150
182 193 211 88 255
Parcel_151
183 176 158 132 255
Parcel_152
184 211 114 97 255
Parcel_153
185 141 246 114 255
Parcel_154
186 202 158 79 255
Parcel_155
187 0 211 62 255
Parcel_156
188 185 123 176 255
Parcel_157
189 255 97 176 255
Parcel_158
190 202 35 62 255
Parcel_159
191 132 149 220 255
Parcel_160
192 35 0 35 255
Parcel_161
193 158 141 149 255
Parcel_162
194 70 106 0 255
Parcel_163
195 202 18 97 255
Parcel_164
196 0 97 97 255
Parcel_165
197 0 132 97 255
Parcel_166
198 79 62 9 255
Parcel_167
199 97 176 79 255
Parcel_168
200 255 26 255 255
Parcel_169
201 0 88 132 255
Parcel_170
202 0 97 202 255
Parcel_171
203 211 97 44 255
Parcel_172
204 211 35 149 255
Parcel_173
205 141 44 193 255
Parcel_174
206 185 220 167 255
Parcel_175
207 88 35 106 255
Parcel_176
208 229 220 44 255
Parcel_177
209 255 202 185 255
Parcel_178
210 132 141 0 255
Parcel_179
211 255 88 141 255
Parcel_180
212 237 185 255 255
Parcel_181
213 211 176 0 255
Parcel_182
214 132 211 255 255
Parcel_183
215 114 255 211 255
Parcel_184
216 79 9 158 255
Parcel_185
217 79 88 237 255
Parcel_186
218 97 176 132 255
Parcel_187
219 141 106 211 255
Parcel_188
220 193 211 246 255
Parcel_189
221 62 70 35 255
Parcel_190
222 220 70 202 255
Parcel_191
223 176 255 246 255
Parcel_192
224 220 255 88 255
Parcel_193
225 158 18 229 255
Parcel_194
226 193 88 106 255
Parcel_195
227 202 176 123 255
Parcel_196
228 123 141 167 255
Parcel_197
229 18 114 193 255
Parcel_198
230 255 97 62 255
Parcel_199
231 202 114 0 255
Parcel_200
232 114 70 44 255
Parcel_201
233 123 193 0 255
Parcel_202
234 193 220 211 255
Parcel_203
235 176 149 18 255
Parcel_204
236 97 44 70 255
Parcel_205
237 211 123 202 255
Parcel_206
238 255 79 97 255
Parcel_207
239 79 141 255 255
Parcel_208
240 158 18 79 255
Parcel_209
241 70 70 88 255
Parcel_210
242 97 229 211 255
Parcel_211
243 246 246 141 255
Parcel_212
244 167 97 53 255
Parcel_213
245 0 141 193 255
Parcel_214
246 255 0 211 255
Parcel_215
247 141 79 88 255
Parcel_216
248 185 106 211 255
Parcel_217
249 211 158 193 255
Parcel_218
250 0 97 44 255
Parcel_219
251 255 211 229 255
Parcel_220
252 149 18 26 255
Parcel_221
253 106 211 123 255
Parcel_222
254 53 9 114 255
Parcel_223
255 123 211 220 255
Parcel_224
256 0 26 44 255
Parcel_225
257 220 0 9 255
Parcel_226
258 158 123 53 255
Parcel_227
259 114 106 35 255
Parcel_228
260 202 132 123 255
Parcel_229
261 158 9 167 255
Parcel_230
262 255 106 0 255
Parcel_231
263 255 141 237 255
Parcel_232
264 193 255 185 255
Parcel_233
265 193 211 132 255
Parcel_234
266 229 141 97 255
Parcel_235
267 62 44 167 255
Parcel_236
268 97 167 176 255
Parcel_237
269 158 176 158 255
Parcel_238
270 132 132 97 255
Parcel_239
271 255 123 53 255
Parcel_240
272 88 88 193 255
Parcel_241
273 79 193 44 255
Parcel_242
274 141 176 0 255
Parcel_243
275 193 185 246 255
Parcel_244
276 255 220 79 255
Parcel_245
277 114 97 97 255
Parcel_246
278 114 44 26 255
Parcel_247
279 70 9 0 255
Parcel_248
280 132 70 141 255
Parcel_249
281 106 62 211 255
Parcel_250
282 132 158 255 255
Parcel_251
283 97 0 106 255
Parcel_252
284 158 53 0 255
Parcel_253
285 123 246 176 255
Parcel_254
286 53 88 35 255
Parcel_255
287 0 167 123 255
Parcel_256
288 141 106 158 255
Parcel_257
289 185 141 246 255
Parcel_258
290 88 132 97 255
Parcel_259
291 35 9 62 255
Parcel_260
292 158 185 88 255
Parcel_261
293 202 62 35 255
Parcel_262
294 176 141 211 255
Parcel_263
295 211 193 70 255
Parcel_264
296 123 123 176 255
Parcel_265
297 88 132 132 255
Parcel_266
298 106 9 70 255
Parcel_267
299 167 62 114 255
Parcel_268
300 70 53 35 255
Parcel_269
301 88 35 255 255
Parcel_270
302 0 158 62 255
Parcel_271
303 0 62 35 255
Parcel_272
304 0 220 246 255
Parcel_273
305 211 0 193 255
Parcel_274
306 255 176 97 255
Parcel_275
307 18 158 158 255
Parcel_276
308 0 220 185 255
Parcel_277
309 70 88 123 255
Parcel_278
310 246 246 193 255
Parcel_279
311 229 97 255 255
Parcel_280
312 211 141 158 255
Parcel_281
313 53 88 149 255
Parcel_282
314 141 167 97 255
Parcel_283
315 149 176 211 255
Parcel_284
316 26 35 35 255
Parcel_285
317 255 176 176 255
Parcel_286
318 132 0 132 255
Parcel_287
319 88 106 79 255
Parcel_288
320 176 255 18 255
Parcel_289
321 9 35 0 255
Parcel_290
322 53 53 123 255
Parcel_291
323 255 193 237 255
Parcel_292
324 106 167 97 255
Parcel_293
325 255 26 79 255
Parcel_294
326 114 123 26 255
Parcel_295
327 158 149 53 255
Parcel_296
328 255 229 220 255
Parcel_297
329 141 211 158 255
Parcel_298
330 0 220 0 255
Parcel_299
331 149 53 70 255
Parcel_300
332 62 26 44 255
Parcel_301
333 0 132 62 255
Parcel_302
334 185 255 114 255
Parcel_303
335 220 237 35 255
Parcel_304
336 0 114 149 255
Parcel_305
337 0 0 88 255
Parcel_306
338 246 202 158 255
Parcel_307
339 202 106 158 255
Parcel_308
340 255 132 202 255
Parcel_309
341 185 176 202 255
Parcel_310
342 0 255 149 255
Parcel_311
343 202 70 149 255
Parcel_312
344 158 35 132 255
Parcel_313
345 185 97 246 255
Parcel_314
346 255 70 26 255
Parcel_315
347 237 149 35 255
Parcel_316
348 141 62 237 255
Parcel_317
349 193 123 53 255
Parcel_318
350 114 158 211 255
Parcel_319
351 141 97 0 255
Parcel_320
352 114 255 149 255
Parcel_321
353 158 53 53 255
Parcel_322
354 97 9 220 255
Parcel_323
355 132 246 79 255
Parcel_324
356 44 62 255 255
Parcel_325
357 132 106 237 255
Parcel_326
358 193 53 88 255
Parcel_327
359 149 220 114 255
Parcel_328
360 149 132 220 255
Parcel_329
361 79 132 0 255
Parcel_330
362 193 79 185 255
Parcel_331
363 123 176 255 255
Parcel_332
364 114 53 53 255
Parcel_333
365 185 193 141 255
