HIP-head-m-rh
1 205 213 230 255
HIP-head-l-rh
2 164 251 213 255
HIP-body-rh
3 161 47 41 255
HIP-tail-rh
4 215 46 32 255
THA-VPm-rh
5 72 136 51 255
THA-VPl-rh
6 189 55 141 255
THA-VAi-rh
7 238 175 78 255
THA-VAs-rh
8 193 251 91 255
THA-DAm-rh
9 238 228 151 255
THA-DAl-rh
10 182 215 227 255
PUT-VA-rh
11 237 236 77 255
PUT-DA-rh
12 107 200 76 255
PUT-VP-rh
13 231 61 247 255
PUT-DP-rh
14 160 59 95 255
CAU-VA-rh
15 124 250 140 255
CAU-DA-rh
16 240 222 183 255
CAU-body-rh
17 241 168 59 255
CAU-tail-rh
18 232 84 40 255
lAMY-rh
19 188 96 76 255
mAMY-rh
20 244 193 203 255
THA-DP-rh
21 178 246 162 255
NAc-shell-rh
22 112 148 230 255
NAc-core-rh
23 144 53 231 255
pGP-rh
24 221 137 231 255
aGP-rh
25 231 201 67 255
HIP-head-m-lh
26 205 213 230 255
HIP-head-l-lh
27 164 251 213 255
HIP-body-lh
28 161 47 41 255
HIP-tail-lh
29 215 46 32 255
THA-VPm-lh
30 72 136 51 255
THA-VPl-lh
31 189 55 141 255
THA-VAi-lh
32 238 175 78 255
THA-VAs-lh
33 193 251 91 255
THA-DAm-lh
34 238 228 151 255
THA-DAl-lh
35 182 215 227 255
PUT-VA-lh
36 237 236 77 255
PUT-DA-lh
37 107 200 76 255
PUT-VP-lh
38 231 61 247 255
PUT-DP-lh
39 160 59 95 255
CAU-VA-lh
40 124 250 140 255
CAU-DA-lh
41 240 222 183 255
CAU-body-lh
42 241 168 59 255
CAU-tail-lh
43 232 84 40 255
lAMY-lh
44 188 96 76 255
mAMY-lh
45 244 193 203 255
THA-DP-lh
46 178 246 162 255
NAc-shell-lh
47 112 148 230 255
NAc-core-lh
48 144 53 231 255
pGP-lh
49 221 137 231 255
aGP-lh
50 231 201 67 255
Parcel_1
51 0 0 255 255
Parcel_2
52 255 0 0 255
Parcel_3
53 0 255 0 255
Parcel_4
54 0 0 44 255
Parcel_5
55 255 26 185 255
Parcel_6
56 255 211 0 255
Parcel_7
57 0 88 0 255
Parcel_8
58 132 132 255 255
Parcel_9
59 158 79 70 255
Parcel_10
60 0 255 193 255
Parcel_11
61 0 132 149 255
Parcel_12
62 0 0 123 255
Parcel_13
63 149 211 79 255
Parcel_14
64 246 158 220 255
Parcel_15
65 211 18 255 255
Parcel_16
66 123 26 106 255
Parcel_17
67 246 18 97 255
Parcel_18
68 255 193 132 255
Parcel_19
69 35 35 9 255
Parcel_20
70 141 167 123 255
Parcel_21
71 246 132 9 255
Parcel_22
72 132 114 0 255
Parcel_23
73 114 246 255 255
Parcel_24
74 158 193 255 255
Parcel_25
75 114 97 123 255
Parcel_26
76 158 0 0 255
Parcel_27
77 0 79 255 255
Parcel_28
78 0 70 149 255
Parcel_29
79 211 255 0 255
Parcel_30
80 185 79 211 255
Parcel_31
81 62 0 26 255
Parcel_32
82 237 255 176 255
Parcel_33
83 255 123 97 255
Parcel_34
84 70 255 123 255
Parcel_35
85 18 167 97 255
Parcel_36
86 211 167 167 255
Parcel_37
87 211 79 132 255
Parcel_38
88 106 0 193 255
Parcel_39
89 44 97 70 255
Parcel_40
90 0 149 246 255
Parcel_41
91 9 62 79 255
Parcel_42
92 167 88 9 255
Parcel_43
93 114 97 62 255
Parcel_44
94 9 149 0 255
Parcel_45
95 158 106 185 255
Parcel_46
96 255 255 114 255
Parcel_47
97 167 246 202 255
Parcel_48
98 149 176 185 255
Parcel_49
99 176 176 9 255
Parcel_50
100 44 0 79 255
Parcel_51
101 0 202 255 255
Parcel_52
102 79 35 0 255
Parcel_53
103 0 185 167 255
Parcel_54
104 158 0 53 255
Parcel_55
105 79 123 176 255
Parcel_56
106 26 70 193 255
Parcel_57
107 88 211 0 255
Parcel_58
108 114 149 53 255
Parcel_59
109 229 167 53 255
Parcel_60
110 246 141 149 255
Parcel_61
111 106 18 141 255
Parcel_62
112 229 97 193 255
Parcel_63
113 237 211 255 255
Parcel_64
114 158 255 158 255
Parcel_65
115 255 79 246 255
Parcel_66
116 149 97 255 255
Parcel_67
117 193 185 97 255
Parcel_68
118 237 44 53 255
Parcel_69
119 176 106 132 255
Parcel_70
120 70 44 88 255
Parcel_71
121 185 132 88 255
Parcel_72
122 141 9 255 255
Parcel_73
123 70 79 0 255
Parcel_74
124 220 211 176 255
Parcel_75
125 229 149 255 255
Parcel_76
126 0 0 9 255
Parcel_77
127 97 62 62 255
Parcel_78
128 237 0 132 255
Parcel_79
129 176 0 149 255
Parcel_80
130 106 0 0 255
Parcel_81
131 185 167 255 255
Parcel_82
132 167 149 193 255
Parcel_83
133 132 44 79 255
Parcel_84
134 114 123 114 255
Parcel_85
135 220 70 0 255
Parcel_86
136 9 53 0 255
Parcel_87
137 149 202 123 255
Parcel_88
138 0 18 211 255
Parcel_89
139 185 237 255 255
Parcel_90
140 88 62 149 255
Parcel_91
141 70 132 70 255
Parcel_92
142 176 255 79 255
Parcel_93
143 70 202 88 255
Parcel_94
144 229 88 106 255
Parcel_95
145 237 141 70 255
Parcel_96
146 123 79 18 255
Parcel_97
147 97 114 202 255
Parcel_98
148 0 255 237 255
Parcel_99
149 79 149 132 255
Parcel_100
150 185 0 202 255
Parcel_101
151 255 220 114 255
Parcel_102
152 18 35 185 255
Parcel_103
153 167 0 106 255
Parcel_104
154 158 114 106 255
Parcel_105
155 26 185 202 255
Parcel_106
156 0 44 35 255
Parcel_107
157 149 141 79 255
Parcel_108
158 176 211 9 255
Parcel_109
159 185 70 53 255
Parcel_110
160 0 114 255 255
Parcel_111
161 255 246 0 255
Parcel_112
162 97 167 202 255
Parcel_113
163 88 211 158 255
Parcel_114
164 114 70 193 255
Parcel_115
165 141 202 185 255
Parcel_116
166 18 53 97 255
Parcel_117
167 132 255 0 255
Parcel_118
168 70 106 123 255
Parcel_119
169 0 35 132 255
Parcel_120
170 70 0 62 255
Parcel_121
171 176 79 149 255
Parcel_122
172 193 79 255 255
Parcel_123
173 211 255 141 255
Parcel_124
174 9 26 88 255
Parcel_125
175 62 70 62 255
Parcel_126
176 97 88 149 255
Parcel_127
177 246 167 141 255
Parcel_128
178 246 123 255 255
Parcel_129
179 229 255 220 255
Parcel_130
180 255 176 202 255
Parcel_131
181 123 70 114 255
Parcel_132
182 185 123 255 255
Parcel_133
183 97 158 0 255
Parcel_134
184 255 176 0 255
Parcel_135
185 44 18 9 255
Parcel_136
186 88 255 79 255
Parcel_137
187 211 202 211 255
Parcel_138
188 176 123 18 255
Parcel_139
189 132 53 9 255
Parcel_140
190 44 132 35 255
Parcel_141
191 106 18 35 255
Parcel_142
192 114 62 255 255
Parcel_143
193 44 35 53 255
Parcel_144
194 70 176 246 255
Parcel_145
195 53 229 141 255
Parcel_146
196 255 229 158 255
Parcel_147
197 246 132 176 255
Parcel_148
198 97 114 62 255
Parcel_149
199 149 62 158 255
Parcel_150
200 193 211 88 255
Parcel_151
201 176 158 132 255
Parcel_152
202 211 114 97 255
Parcel_153
203 141 246 114 255
Parcel_154
204 202 158 79 255
Parcel_155
205 0 211 62 255
Parcel_156
206 185 123 176 255
Parcel_157
207 255 97 176 255
Parcel_158
208 202 35 62 255
Parcel_159
209 132 149 220 255
Parcel_160
210 35 0 35 255
Parcel_161
211 158 141 149 255
Parcel_162
212 70 106 0 255
Parcel_163
213 202 18 97 255
Parcel_164
214 0 97 97 255
Parcel_165
215 0 132 97 255
Parcel_166
216 79 62 9 255
Parcel_167
217 97 176 79 255
Parcel_168
218 255 26 255 255
Parcel_169
219 0 88 132 255
Parcel_170
220 0 97 202 255
Parcel_171
221 211 97 44 255
Parcel_172
222 211 35 149 255
Parcel_173
223 141 44 193 255
Parcel_174
224 185 220 167 255
Parcel_175
225 88 35 106 255
Parcel_176
226 229 220 44 255
Parcel_177
227 255 202 185 255
Parcel_178
228 132 141 0 255
Parcel_179
229 255 88 141 255
Parcel_180
230 237 185 255 255
Parcel_181
231 211 176 0 255
Parcel_182
232 132 211 255 255
Parcel_183
233 114 255 211 255
Parcel_184
234 79 9 158 255
Parcel_185
235 79 88 237 255
Parcel_186
236 97 176 132 255
Parcel_187
237 141 106 211 255
Parcel_188
238 193 211 246 255
Parcel_189
239 62 70 35 255
Parcel_190
240 220 70 202 255
Parcel_191
241 176 255 246 255
Parcel_192
242 220 255 88 255
Parcel_193
243 158 18 229 255
Parcel_194
244 193 88 106 255
Parcel_195
245 202 176 123 255
Parcel_196
246 123 141 167 255
Parcel_197
247 18 114 193 255
Parcel_198
248 255 97 62 255
Parcel_199
249 202 114 0 255
Parcel_200
250 114 70 44 255
Parcel_201
251 123 193 0 255
Parcel_202
252 193 220 211 255
Parcel_203
253 176 149 18 255
Parcel_204
254 97 44 70 255
Parcel_205
255 211 123 202 255
Parcel_206
256 255 79 97 255
Parcel_207
257 79 141 255 255
Parcel_208
258 158 18 79 255
Parcel_209
259 70 70 88 255
Parcel_210
260 97 229 211 255
Parcel_211
261 246 246 141 255
Parcel_212
262 167 97 53 255
Parcel_213
263 0 141 193 255
Parcel_214
264 255 0 211 255
Parcel_215
265 141 79 88 255
Parcel_216
266 185 106 211 255
Parcel_217
267 211 158 193 255
Parcel_218
268 0 97 44 255
Parcel_219
269 255 211 229 255
Parcel_220
270 149 18 26 255
Parcel_221
271 106 211 123 255
Parcel_222
272 53 9 114 255
Parcel_223
273 123 211 220 255
Parcel_224
274 0 26 44 255
Parcel_225
275 220 0 9 255
Parcel_226
276 158 123 53 255
Parcel_227
277 114 106 35 255
Parcel_228
278 202 132 123 255
Parcel_229
279 158 9 167 255
Parcel_230
280 255 106 0 255
Parcel_231
281 255 141 237 255
Parcel_232
282 193 255 185 255
Parcel_233
283 193 211 132 255
Parcel_234
284 229 141 97 255
Parcel_235
285 62 44 167 255
Parcel_236
286 97 167 176 255
Parcel_237
287 158 176 158 255
Parcel_238
288 132 132 97 255
Parcel_239
289 255 123 53 255
Parcel_240
290 88 88 193 255
Parcel_241
291 79 193 44 255
Parcel_242
292 141 176 0 255
Parcel_243
293 193 185 246 255
Parcel_244
294 255 220 79 255
Parcel_245
295 114 97 97 255
Parcel_246
296 114 44 26 255
Parcel_247
297 70 9 0 255
Parcel_248
298 132 70 141 255
Parcel_249
299 106 62 211 255
Parcel_250
300 132 158 255 255
Parcel_251
301 97 0 106 255
Parcel_252
302 158 53 0 255
Parcel_253
303 123 246 176 255
Parcel_254
304 53 88 35 255
Parcel_255
305 0 167 123 255
Parcel_256
306 141 106 158 255
Parcel_257
307 185 141 246 255
Parcel_258
308 88 132 97 255
Parcel_259
309 35 9 62 255
Parcel_260
310 158 185 88 255
Parcel_261
311 202 62 35 255
Parcel_262
312 176 141 211 255
Parcel_263
313 211 193 70 255
Parcel_264
314 123 123 176 255
Parcel_265
315 88 132 132 255
Parcel_266
316 106 9 70 255
Parcel_267
317 167 62 114 255
Parcel_268
318 70 53 35 255
Parcel_269
319 88 35 255 255
Parcel_270
320 0 158 62 255
Parcel_271
321 0 62 35 255
Parcel_272
322 0 220 246 255
Parcel_273
323 211 0 193 255
Parcel_274
324 255 176 97 255
Parcel_275
325 18 158 158 255
Parcel_276
326 0 220 185 255
Parcel_277
327 70 88 123 255
Parcel_278
328 246 246 193 255
Parcel_279
329 229 97 255 255
Parcel_280
330 211 141 158 255
Parcel_281
331 53 88 149 255
Parcel_282
332 141 167 97 255
Parcel_283
333 149 176 211 255
Parcel_284
334 26 35 35 255
Parcel_285
335 255 176 176 255
Parcel_286
336 132 0 132 255
Parcel_287
337 88 106 79 255
Parcel_288
338 176 255 18 255
Parcel_289
339 9 35 0 255
Parcel_290
340 53 53 123 255
Parcel_291
341 255 193 237 255
Parcel_292
342 106 167 97 255
Parcel_293
343 255 26 79 255
Parcel_294
344 114 123 26 255
Parcel_295
345 158 149 53 255
Parcel_296
346 255 229 220 255
Parcel_297
347 141 211 158 255
Parcel_298
348 0 220 0 255
Parcel_299
349 149 53 70 255
Parcel_300
350 62 26 44 255
Parcel_301
351 0 132 62 255
Parcel_302
352 185 255 114 255
Parcel_303
353 220 237 35 255
Parcel_304
354 0 114 149 255
Parcel_305
355 0 0 88 255
Parcel_306
356 246 202 158 255
Parcel_307
357 202 106 158 255
Parcel_308
358 255 132 202 255
Parcel_309
359 185 176 202 255
Parcel_310
360 0 255 149 255
Parcel_311
361 202 70 149 255
Parcel_312
362 158 35 132 255
Parcel_313
363 185 97 246 255
Parcel_314
364 255 70 26 255
Parcel_315
365 237 149 35 255
Parcel_316
366 141 62 237 255
Parcel_317
367 193 123 53 255
Parcel_318
368 114 158 211 255
Parcel_319
369 141 97 0 255
Parcel_320
370 114 255 149 255
Parcel_321
371 158 53 53 255
Parcel_322
372 97 9 220 255
Parcel_323
373 132 246 79 255
Parcel_324
374 44 62 255 255
Parcel_325
375 132 106 237 255
Parcel_326
376 193 53 88 255
Parcel_327
377 149 220 114 255
Parcel_328
378 149 132 220 255
Parcel_329
379 79 132 0 255
Parcel_330
380 193 79 185 255
Parcel_331
381 123 176 255 255
Parcel_332
382 114 53 53 255
Parcel_333
383 185 193 141 255
