HIP-head-m1-rh
1 115 232 70 255
HIP-head-m2-rh
2 148 85 52 255
THA-VAip-rh
3 248 218 188 255
THA-VAia-rh
4 98 202 207 255
HIP-head-l-rh
5 164 251 213 255
HIP-body-rh
6 161 47 41 255
HIP-tail-rh
7 215 46 32 255
THA-VPm-rh
8 72 136 51 255
THA-VPl-rh
9 189 55 141 255
THA-VAs-rh
10 193 251 91 255
THA-DAm-rh
11 238 228 151 255
THA-DAl-rh
12 182 215 227 255
PUT-VA-rh
13 237 236 77 255
PUT-DA-rh
14 107 200 76 255
PUT-VP-rh
15 231 61 247 255
PUT-DP-rh
16 160 59 95 255
CAU-VA-rh
17 124 250 140 255
CAU-DA-rh
18 240 222 183 255
CAU-body-rh
19 241 168 59 255
CAU-tail-rh
20 232 84 40 255
lAMY-rh
21 188 96 76 255
mAMY-rh
22 244 193 203 255
THA-DP-rh
23 178 246 162 255
NAc-shell-rh
24 112 148 230 255
NAc-core-rh
25 144 53 231 255
pGP-rh
26 221 137 231 255
aGP-rh
27 231 201 67 255
HIP-head-m1-lh
28 115 232 70 255
HIP-head-m2-lh
29 148 85 52 255
THA-VAip-lh
30 248 218 188 255
THA-VAia-lh
31 98 202 207 255
HIP-head-l-lh
32 164 251 213 255
HIP-body-lh
33 161 47 41 255
HIP-tail-lh
34 215 46 32 255
THA-VPm-lh
35 72 136 51 255
THA-VPl-lh
36 189 55 141 255
THA-VAs-lh
37 193 251 91 255
THA-DAm-lh
38 238 228 151 255
THA-DAl-lh
39 182 215 227 255
PUT-VA-lh
40 237 236 77 255
PUT-DA-lh
41 107 200 76 255
PUT-VP-lh
42 231 61 247 255
PUT-DP-lh
43 160 59 95 255
CAU-VA-lh
44 124 250 140 255
CAU-DA-lh
45 240 222 183 255
CAU-body-lh
46 241 168 59 255
CAU-tail-lh
47 232 84 40 255
lAMY-lh
48 188 96 76 255
mAMY-lh
49 244 193 203 255
THA-DP-lh
50 178 246 162 255
NAc-shell-lh
51 112 148 230 255
NAc-core-lh
52 144 53 231 255
pGP-lh
53 221 137 231 255
aGP-lh
54 231 201 67 255
Parcel_1
55 0 0 255 255
Parcel_2
56 255 0 0 255
Parcel_3
57 0 255 0 255
Parcel_4
58 0 0 44 255
Parcel_5
59 255 26 185 255
Parcel_6
60 255 211 0 255
Parcel_7
61 0 88 0 255
Parcel_8
62 132 132 255 255
Parcel_9
63 158 79 70 255
Parcel_10
64 0 255 193 255
Parcel_11
65 0 132 149 255
Parcel_12
66 0 0 123 255
Parcel_13
67 149 211 79 255
Parcel_14
68 246 158 220 255
Parcel_15
69 211 18 255 255
Parcel_16
70 123 26 106 255
Parcel_17
71 246 18 97 255
Parcel_18
72 255 193 132 255
Parcel_19
73 35 35 9 255
Parcel_20
74 141 167 123 255
Parcel_21
75 246 132 9 255
Parcel_22
76 132 114 0 255
Parcel_23
77 114 246 255 255
Parcel_24
78 158 193 255 255
Parcel_25
79 114 97 123 255
Parcel_26
80 158 0 0 255
Parcel_27
81 0 79 255 255
Parcel_28
82 0 70 149 255
Parcel_29
83 211 255 0 255
Parcel_30
84 185 79 211 255
Parcel_31
85 62 0 26 255
Parcel_32
86 237 255 176 255
Parcel_33
87 255 123 97 255
Parcel_34
88 70 255 123 255
Parcel_35
89 18 167 97 255
Parcel_36
90 211 167 167 255
Parcel_37
91 211 79 132 255
Parcel_38
92 106 0 193 255
Parcel_39
93 44 97 70 255
Parcel_40
94 0 149 246 255
Parcel_41
95 9 62 79 255
Parcel_42
96 167 88 9 255
Parcel_43
97 114 97 62 255
Parcel_44
98 9 149 0 255
Parcel_45
99 158 106 185 255
Parcel_46
100 255 255 114 255
Parcel_47
101 167 246 202 255
Parcel_48
102 149 176 185 255
Parcel_49
103 176 176 9 255
Parcel_50
104 44 0 79 255
Parcel_51
105 0 202 255 255
Parcel_52
106 79 35 0 255
Parcel_53
107 0 185 167 255
Parcel_54
108 158 0 53 255
Parcel_55
109 79 123 176 255
Parcel_56
110 26 70 193 255
Parcel_57
111 88 211 0 255
Parcel_58
112 114 149 53 255
Parcel_59
113 229 167 53 255
Parcel_60
114 246 141 149 255
Parcel_61
115 106 18 141 255
Parcel_62
116 229 97 193 255
Parcel_63
117 237 211 255 255
Parcel_64
118 158 255 158 255
Parcel_65
119 255 79 246 255
Parcel_66
120 149 97 255 255
Parcel_67
121 193 185 97 255
Parcel_68
122 237 44 53 255
Parcel_69
123 176 106 132 255
Parcel_70
124 70 44 88 255
Parcel_71
125 185 132 88 255
Parcel_72
126 141 9 255 255
Parcel_73
127 70 79 0 255
Parcel_74
128 220 211 176 255
Parcel_75
129 229 149 255 255
Parcel_76
130 0 0 9 255
Parcel_77
131 97 62 62 255
Parcel_78
132 237 0 132 255
Parcel_79
133 176 0 149 255
Parcel_80
134 106 0 0 255
Parcel_81
135 185 167 255 255
Parcel_82
136 167 149 193 255
Parcel_83
137 132 44 79 255
Parcel_84
138 114 123 114 255
Parcel_85
139 220 70 0 255
Parcel_86
140 9 53 0 255
Parcel_87
141 149 202 123 255
Parcel_88
142 0 18 211 255
Parcel_89
143 185 237 255 255
Parcel_90
144 88 62 149 255
Parcel_91
145 70 132 70 255
Parcel_92
146 176 255 79 255
Parcel_93
147 70 202 88 255
Parcel_94
148 229 88 106 255
Parcel_95
149 237 141 70 255
Parcel_96
150 123 79 18 255
Parcel_97
151 97 114 202 255
Parcel_98
152 0 255 237 255
Parcel_99
153 79 149 132 255
Parcel_100
154 185 0 202 255
Parcel_101
155 255 220 114 255
Parcel_102
156 18 35 185 255
Parcel_103
157 167 0 106 255
Parcel_104
158 158 114 106 255
Parcel_105
159 26 185 202 255
Parcel_106
160 0 44 35 255
Parcel_107
161 149 141 79 255
Parcel_108
162 176 211 9 255
Parcel_109
163 185 70 53 255
Parcel_110
164 0 114 255 255
Parcel_111
165 255 246 0 255
Parcel_112
166 97 167 202 255
Parcel_113
167 88 211 158 255
Parcel_114
168 114 70 193 255
Parcel_115
169 141 202 185 255
Parcel_116
170 18 53 97 255
Parcel_117
171 132 255 0 255
Parcel_118
172 70 106 123 255
Parcel_119
173 0 35 132 255
Parcel_120
174 70 0 62 255
Parcel_121
175 176 79 149 255
Parcel_122
176 193 79 255 255
Parcel_123
177 211 255 141 255
Parcel_124
178 9 26 88 255
Parcel_125
179 62 70 62 255
Parcel_126
180 97 88 149 255
Parcel_127
181 246 167 141 255
Parcel_128
182 246 123 255 255
Parcel_129
183 229 255 220 255
Parcel_130
184 255 176 202 255
Parcel_131
185 123 70 114 255
Parcel_132
186 185 123 255 255
Parcel_133
187 97 158 0 255
Parcel_134
188 255 176 0 255
Parcel_135
189 44 18 9 255
Parcel_136
190 88 255 79 255
Parcel_137
191 211 202 211 255
Parcel_138
192 176 123 18 255
Parcel_139
193 132 53 9 255
Parcel_140
194 44 132 35 255
Parcel_141
195 106 18 35 255
Parcel_142
196 114 62 255 255
Parcel_143
197 44 35 53 255
Parcel_144
198 70 176 246 255
Parcel_145
199 53 229 141 255
Parcel_146
200 255 229 158 255
Parcel_147
201 246 132 176 255
Parcel_148
202 97 114 62 255
Parcel_149
203 149 62 158 255
Parcel_150
204 193 211 88 255
Parcel_151
205 176 158 132 255
Parcel_152
206 211 114 97 255
Parcel_153
207 141 246 114 255
Parcel_154
208 202 158 79 255
Parcel_155
209 0 211 62 255
Parcel_156
210 185 123 176 255
Parcel_157
211 255 97 176 255
Parcel_158
212 202 35 62 255
Parcel_159
213 132 149 220 255
Parcel_160
214 35 0 35 255
Parcel_161
215 158 141 149 255
Parcel_162
216 70 106 0 255
Parcel_163
217 202 18 97 255
Parcel_164
218 0 97 97 255
Parcel_165
219 0 132 97 255
Parcel_166
220 79 62 9 255
Parcel_167
221 97 176 79 255
Parcel_168
222 255 26 255 255
Parcel_169
223 0 88 132 255
Parcel_170
224 0 97 202 255
Parcel_171
225 211 97 44 255
Parcel_172
226 211 35 149 255
Parcel_173
227 141 44 193 255
Parcel_174
228 185 220 167 255
Parcel_175
229 88 35 106 255
Parcel_176
230 229 220 44 255
Parcel_177
231 255 202 185 255
Parcel_178
232 132 141 0 255
Parcel_179
233 255 88 141 255
Parcel_180
234 237 185 255 255
Parcel_181
235 211 176 0 255
Parcel_182
236 132 211 255 255
Parcel_183
237 114 255 211 255
Parcel_184
238 79 9 158 255
Parcel_185
239 79 88 237 255
Parcel_186
240 97 176 132 255
Parcel_187
241 141 106 211 255
Parcel_188
242 193 211 246 255
Parcel_189
243 62 70 35 255
Parcel_190
244 220 70 202 255
Parcel_191
245 176 255 246 255
Parcel_192
246 220 255 88 255
Parcel_193
247 158 18 229 255
Parcel_194
248 193 88 106 255
Parcel_195
249 202 176 123 255
Parcel_196
250 123 141 167 255
Parcel_197
251 18 114 193 255
Parcel_198
252 255 97 62 255
Parcel_199
253 202 114 0 255
Parcel_200
254 114 70 44 255
Parcel_201
255 123 193 0 255
Parcel_202
256 193 220 211 255
Parcel_203
257 176 149 18 255
Parcel_204
258 97 44 70 255
Parcel_205
259 211 123 202 255
Parcel_206
260 255 79 97 255
Parcel_207
261 79 141 255 255
Parcel_208
262 158 18 79 255
Parcel_209
263 70 70 88 255
Parcel_210
264 97 229 211 255
Parcel_211
265 246 246 141 255
Parcel_212
266 167 97 53 255
Parcel_213
267 0 141 193 255
Parcel_214
268 255 0 211 255
Parcel_215
269 141 79 88 255
Parcel_216
270 185 106 211 255
Parcel_217
271 211 158 193 255
Parcel_218
272 0 97 44 255
Parcel_219
273 255 211 229 255
Parcel_220
274 149 18 26 255
Parcel_221
275 106 211 123 255
Parcel_222
276 53 9 114 255
Parcel_223
277 123 211 220 255
Parcel_224
278 0 26 44 255
Parcel_225
279 220 0 9 255
Parcel_226
280 158 123 53 255
Parcel_227
281 114 106 35 255
Parcel_228
282 202 132 123 255
Parcel_229
283 158 9 167 255
Parcel_230
284 255 106 0 255
Parcel_231
285 255 141 237 255
Parcel_232
286 193 255 185 255
Parcel_233
287 193 211 132 255
Parcel_234
288 229 141 97 255
Parcel_235
289 62 44 167 255
Parcel_236
290 97 167 176 255
Parcel_237
291 158 176 158 255
Parcel_238
292 132 132 97 255
Parcel_239
293 255 123 53 255
Parcel_240
294 88 88 193 255
Parcel_241
295 79 193 44 255
Parcel_242
296 141 176 0 255
Parcel_243
297 193 185 246 255
Parcel_244
298 255 220 79 255
Parcel_245
299 114 97 97 255
Parcel_246
300 114 44 26 255
Parcel_247
301 70 9 0 255
Parcel_248
302 132 70 141 255
Parcel_249
303 106 62 211 255
Parcel_250
304 132 158 255 255
Parcel_251
305 97 0 106 255
Parcel_252
306 158 53 0 255
Parcel_253
307 123 246 176 255
Parcel_254
308 53 88 35 255
Parcel_255
309 0 167 123 255
Parcel_256
310 141 106 158 255
Parcel_257
311 185 141 246 255
Parcel_258
312 88 132 97 255
Parcel_259
313 35 9 62 255
Parcel_260
314 158 185 88 255
Parcel_261
315 202 62 35 255
Parcel_262
316 176 141 211 255
Parcel_263
317 211 193 70 255
Parcel_264
318 123 123 176 255
Parcel_265
319 88 132 132 255
Parcel_266
320 106 9 70 255
Parcel_267
321 167 62 114 255
Parcel_268
322 70 53 35 255
Parcel_269
323 88 35 255 255
Parcel_270
324 0 158 62 255
Parcel_271
325 0 62 35 255
Parcel_272
326 0 220 246 255
Parcel_273
327 211 0 193 255
Parcel_274
328 255 176 97 255
Parcel_275
329 18 158 158 255
Parcel_276
330 0 220 185 255
Parcel_277
331 70 88 123 255
Parcel_278
332 246 246 193 255
Parcel_279
333 229 97 255 255
Parcel_280
334 211 141 158 255
Parcel_281
335 53 88 149 255
Parcel_282
336 141 167 97 255
Parcel_283
337 149 176 211 255
Parcel_284
338 26 35 35 255
Parcel_285
339 255 176 176 255
Parcel_286
340 132 0 132 255
Parcel_287
341 88 106 79 255
Parcel_288
342 176 255 18 255
Parcel_289
343 9 35 0 255
Parcel_290
344 53 53 123 255
Parcel_291
345 255 193 237 255
Parcel_292
346 106 167 97 255
Parcel_293
347 255 26 79 255
Parcel_294
348 114 123 26 255
Parcel_295
349 158 149 53 255
Parcel_296
350 255 229 220 255
Parcel_297
351 141 211 158 255
Parcel_298
352 0 220 0 255
Parcel_299
353 149 53 70 255
Parcel_300
354 62 26 44 255
Parcel_301
355 0 132 62 255
Parcel_302
356 185 255 114 255
Parcel_303
357 220 237 35 255
Parcel_304
358 0 114 149 255
Parcel_305
359 0 0 88 255
Parcel_306
360 246 202 158 255
Parcel_307
361 202 106 158 255
Parcel_308
362 255 132 202 255
Parcel_309
363 185 176 202 255
Parcel_310
364 0 255 149 255
Parcel_311
365 202 70 149 255
Parcel_312
366 158 35 132 255
Parcel_313
367 185 97 246 255
Parcel_314
368 255 70 26 255
Parcel_315
369 237 149 35 255
Parcel_316
370 141 62 237 255
Parcel_317
371 193 123 53 255
Parcel_318
372 114 158 211 255
Parcel_319
373 141 97 0 255
Parcel_320
374 114 255 149 255
Parcel_321
375 158 53 53 255
Parcel_322
376 97 9 220 255
Parcel_323
377 132 246 79 255
Parcel_324
378 44 62 255 255
Parcel_325
379 132 106 237 255
Parcel_326
380 193 53 88 255
Parcel_327
381 149 220 114 255
Parcel_328
382 149 132 220 255
Parcel_329
383 79 132 0 255
Parcel_330
384 193 79 185 255
Parcel_331
385 123 176 255 255
Parcel_332
386 114 53 53 255
Parcel_333
387 185 193 141 255
